-88.01332 -87.67643 -92.43977
-90.42453 -92.91080 -96.58050
-93.71541 -90.90365 -92.75321
-96.16792 -90.68165 -99.52723
-90.91591 -87.62650 -95.70704
-88.88026 -94.39658 -92.03208
-93.86634 -89.79359 -96.22340
-91.24573 -91.89198 -93.04383
-94.44204 -94.03446 -94.15014
-94.96454 -87.38774 -93.02022
-93.46869 -89.97600 -90.37468
-93.60589 -89.72205 -93.84609
-85.49118 -93.57136 -88.35339
-87.21657 -92.92050 -97.96037
-89.70227 -88.77435 -90.03994
-87.36158 -86.16101 -97.35523
-91.60217 -84.00428 -91.79203
-90.97656 -88.59413 -93.81759
-97.40609 -96.01118 -95.22884
-95.23976 -91.72952 -93.58522
-92.56300 -88.40308 -96.92269
-91.14368 -93.92880 -93.79450
-90.36669 -86.50176 -95.16163
-90.51951 -92.65495 -91.94365
-92.15235 -89.48539 -89.85954
-90.80097 -94.74075 -90.89415
-94.63087 -90.50219 -98.20773
-88.16333 -91.19110 -98.83111
-91.73236 -86.40438 -91.86687
-92.48068 -92.27683 -97.04379
-87.42815 -90.18202 -96.84003
-90.90717 -89.88999 -89.57352
-89.77895 -86.83429 -92.97628
-89.76523 -95.57681 -93.03538
-94.05565 -102.53386 -93.90911
-91.69762 -88.25639 -92.07920
-93.19275 -88.09496 -96.43256
-96.59058 -90.90453 -89.48720
-86.38490 -87.20241 -97.14398
-95.50229 -90.97419 -96.13711
-85.10929 -92.70993 -97.33479
-92.45188 -94.95407 -93.57335
-94.03223 -92.63814 -91.66666
-87.19151 -97.51450 -91.10295
-91.59574 -92.89107 -90.97783
-89.89401 -93.58852 -94.66458
-89.64244 -88.20616 -92.70355
-89.75052 -91.75691 -95.31523
-86.96650 -88.61086 -93.87138
-90.32783 -94.37489 -92.45957